1
0.995004
0.980067
0.955336
0.921061
0.877583
0.825336
0.764842
0.696707
0.62161
0.540302
0.453596
0.362358
0.267499
0.169967
0.0707372
-0.0291995
-0.128844
-0.227202
-0.32329
-0.416147
-0.504846
-0.588501
-0.666276
-0.737394
-0.801144
-0.856889
-0.904072
-0.942222
-0.970958
-0.989992
-0.999135
-0.998295
-0.98748
-0.966798
-0.936457
-0.896758
-0.8481
-0.790968
-0.725932
-0.653644
-0.574824
-0.490261
-0.400799
-0.307333
-0.210796
-0.112153
-0.0123887
0.087499
0.186512
0.283662
0.377978
0.468517
0.554374
0.634693
0.70867
0.775566
0.834713
0.88552
0.927478
0.96017
0.983268
0.996542
0.999859
0.993185
0.976588
0.950233
0.914383
0.869397
0.815725
0.753902
0.684547
0.608351
0.526078
0.438547
0.346635
0.25126
0.153374
0.0539554
-0.0460021
-0.1455
-0.243544
-0.339155
-0.431377
-0.519289
-0.602012
-0.67872
-0.748647
-0.811093
-0.865435
-0.91113
-0.947722
-0.974844
-0.992225
-0.999693
-0.997172
-0.984688
-0.962365
-0.930426
-0.889191
-0.839072
-0.780568
-0.714266
-0.640826
-0.560984
-0.475537
-0.385338
-0.291289
-0.19433
-0.0954289
0.0044257
0.104236
0.203005
0.299745
0.393491
0.483305
0.56829
0.647596
0.720432
0.78607
0.843854
0.893206
0.933634
0.964733
0.986192
0.997798
0.999435
0.991085
0.972833
0.94486
0.907447
0.860967
0.805884
0.742749
0.672193
0.594921
0.511704
0.423375
0.330815
0.23495
0.136737
0.0371584
-0.0627917
-0.162114
-0.259817
-0.354924
-0.446485
-0.533584
-0.615352
-0.690972
-0.759688
-0.820813
-0.873737
-0.917931
-0.952953
-0.978453
-0.994178
-0.999968
-0.995768
-0.981618
-0.957659
-0.924133
-0.881372
-0.829806
-0.769948
-0.702397
-0.627828
-0.546986
-0.460679
-0.369768
-0.275163
-0.177809
-0.0786782
0.0212388
0.120944
0.21944
0.315744
0.408893
0.497956
0.582044
0.660317
0.731991
0.796352
0.852757
0.90064
0.939525
0.969022
0.988837
0.998772
0.998728
0.988705
0.968802
0.93922
0.900254
0.852292
0.795815
0.731386
0.659649
0.581322
0.497186
